{
  "advancedEditorSelectedIdentifier" : "ShaderGraphEditorPluginID",
  "openSceneRelativePaths" : [
    "Detail.usda"
  ],
  "recentIdentifiers" : {
    "9B508629-F80F-4790-ACD4-5510D95472F7" : [

    ],
    "85B5AECD-D548-48B0-B5AA-77BD316881C1" : [

    ],
    "AF09ED6F-1707-48FD-8720-65B998362C09" : [

    ]
  },
  "sceneCameraHistory" : {
    "9B508629-F80F-4790-ACD4-5510D95472F7" : [
      {
        "date" : 724570670.993744,
        "title" : "Untitled",
        "transform" : [
          0.9996251,
          -1.3945717e-08,
          0.02738027,
          0,
          0.006548229,
          0.9709799,
          -0.23907125,
          0,
          -0.026585618,
          0.23916088,
          0.97061604,
          0,
          0.36096594,
          1.7764881,
          0.9208528,
          1
        ]
      },
      {
        "date" : 724570666.590068,
        "title" : "Untitled",
        "transform" : [
          0.71601284,
          -1.3772297e-08,
          -0.69808704,
          0,
          -0.33165964,
          0.879933,
          -0.34017608,
          0,
          0.61427,
          0.47509778,
          0.6300434,
          0,
          1.7040651,
          2.3156567,
          -0.16796523,
          1
        ]
      },
      {
        "date" : 724570422.826654,
        "title" : "Untitled",
        "transform" : [
          0.99987423,
          -5.5038987e-09,
          0.01585717,
          0,
          0.0018828925,
          0.99292505,
          -0.11872798,
          0,
          -0.015744984,
          0.11874292,
          0.99280024,
          0,
          0.58668315,
          1.5753769,
          1.0669816,
          1
        ]
      },
      {
        "date" : 724570413.165501,
        "title" : "Untitled",
        "transform" : [
          0.52539504,
          -5.793652e-09,
          -0.85085833,
          0,
          -0.17331344,
          0.979035,
          -0.10701898,
          0,
          0.83302,
          0.20369239,
          0.5143801,
          0,
          2.0666277,
          1.7533543,
          -0.48024836,
          1
        ]
      },
      {
        "date" : 724570410.228817,
        "title" : "Untitled",
        "transform" : [
          0.9867939,
          -9.3288195e-09,
          0.16198058,
          0,
          0.053873587,
          0.94307053,
          -0.32820076,
          0,
          -0.15275913,
          0.33259293,
          0.9306162,
          0,
          0.434192,
          2.0111213,
          1.0959642,
          1
        ]
      },
      {
        "date" : 724567830.703588,
        "title" : "Untitled",
        "transform" : [
          0.9867939,
          -9.3288195e-09,
          0.16198058,
          0,
          0.053873587,
          0.94307053,
          -0.32820076,
          0,
          -0.15275913,
          0.33259293,
          0.9306162,
          0,
          0.3994603,
          1.8502483,
          1.0082963,
          1
        ]
      },
      {
        "date" : 724567824.870841,
        "title" : "Untitled",
        "transform" : [
          0.75680107,
          -9.315453e-09,
          -0.6536452,
          0,
          -0.25221577,
          0.92255723,
          -0.2920195,
          0,
          0.6030252,
          0.3858603,
          0.6981924,
          0,
          1.6775128,
          1.9516722,
          -0.005220175,
          1
        ]
      },
      {
        "date" : 724567675.063345,
        "title" : "Untitled",
        "transform" : [
          0.97251785,
          -1.22920065e-08,
          -0.23282808,
          0,
          -0.071947016,
          0.9510577,
          -0.30052105,
          0,
          0.221433,
          0.30901337,
          0.9249207,
          0,
          -0.2525739,
          1.5629818,
          1.1415675,
          1
        ]
      },
      {
        "date" : 724567671.410335,
        "title" : "Untitled",
        "transform" : [
          -0.19433853,
          -1.3087834e-08,
          -0.9809345,
          0,
          -0.431758,
          0.8979244,
          0.08553807,
          0,
          0.88080513,
          0.44014966,
          -0.17450137,
          0,
          1.8259417,
          1.8124691,
          -0.42176005,
          1
        ]
      },
      {
        "date" : 724567668.408399,
        "title" : "Untitled",
        "transform" : [
          0.76035184,
          -1.2396583e-08,
          -0.64951134,
          0,
          -0.058524802,
          0.9959323,
          -0.06851212,
          0,
          0.6468693,
          0.09010581,
          0.7572588,
          0,
          0.6511874,
          1.1569709,
          1.0673295,
          1
        ]
      }
    ],
    "85B5AECD-D548-48B0-B5AA-77BD316881C1" : [
      {
        "date" : 724378544.630252,
        "title" : "Untitled",
        "transform" : [
          -0.9975203,
          -0.00030910346,
          0.07037751,
          0,
          0.015357367,
          0.9749361,
          0.22195444,
          0,
          -0.068682194,
          0.22248507,
          -0.97251385,
          0,
          0.00078164553,
          0.1666749,
          -0.09844825,
          1
        ]
      },
      {
        "date" : 724378525.064664,
        "title" : "Untitled",
        "transform" : [
          -0.9975203,
          -0.00030910346,
          0.07037751,
          0,
          0.015357367,
          0.9749361,
          0.22195444,
          0,
          -0.068682194,
          0.22248507,
          -0.97251385,
          0,
          0.006362607,
          0.14859629,
          -0.019424004,
          1
        ]
      },
      {
        "date" : 724378499.881098,
        "title" : "Untitled",
        "transform" : [
          -0.9411166,
          -0.00030910227,
          0.33808202,
          0,
          0.058318984,
          0.98486084,
          0.16324238,
          0,
          -0.3330143,
          0.17334686,
          -0.92685086,
          0,
          0.008606434,
          0.15056524,
          -0.20782392,
          1
        ]
      },
      {
        "date" : 724378496.279561,
        "title" : "Untitled",
        "transform" : [
          -0.963273,
          -0.00030909272,
          0.26852366,
          0,
          -0.052018236,
          0.9812711,
          -0.18547535,
          0,
          -0.2634373,
          -0.1926314,
          -0.945248,
          0,
          0.012688703,
          0.07115442,
          -0.24639559,
          1
        ]
      },
      {
        "date" : 724378483.450548,
        "title" : "Untitled",
        "transform" : [
          -0.85378706,
          -0.0003090942,
          0.520622,
          0,
          0.21175762,
          0.9133379,
          0.34781122,
          0,
          -0.47561145,
          0.4072025,
          -0.7797306,
          0,
          -0.011397002,
          0.19282904,
          -0.1691798,
          1
        ]
      },
      {
        "date" : 724378473.543562,
        "title" : "Untitled",
        "transform" : [
          -0.70894396,
          -0.00030908707,
          0.7052646,
          0,
          0.1300069,
          0.9828056,
          0.1311158,
          0,
          -0.6931787,
          0.18464307,
          -0.69671386,
          0,
          -0.2042986,
          0.11926047,
          -0.64770466,
          1
        ]
      },
      {
        "date" : 724378469.321958,
        "title" : "Untitled",
        "transform" : [
          -0.26083654,
          -0.00030913352,
          0.96538293,
          0,
          0.89031404,
          0.38654274,
          0.24067745,
          0,
          -0.37323618,
          0.9222715,
          -0.10054916,
          0,
          -0.14302394,
          0.5694151,
          -0.36165306,
          1
        ]
      },
      {
        "date" : 724378457.790023,
        "title" : "Untitled",
        "transform" : [
          -0.26083654,
          -0.00030913352,
          0.96538293,
          0,
          0.89031404,
          0.38654274,
          0.24067745,
          0,
          -0.37323618,
          0.9222715,
          -0.10054916,
          0,
          -1.7120221,
          4.853867,
          2.7772584,
          1
        ]
      },
      {
        "date" : 724378444.468933,
        "title" : "Untitled",
        "transform" : [
          -0.64131504,
          -0.0003091152,
          0.76727754,
          0,
          -0.19459163,
          0.9673712,
          -0.16225617,
          0,
          -0.74219215,
          -0.25336313,
          -0.62044984,
          0,
          -2.5736487,
          -0.15214689,
          1.0911539,
          1
        ]
      },
      {
        "date" : 724378425.107728,
        "title" : "Untitled",
        "transform" : [
          0.99065405,
          -0.0003091125,
          0.13639846,
          0,
          0.11143638,
          0.57848537,
          -0.80804497,
          0,
          -0.07865474,
          0.8156927,
          0.5731133,
          0,
          0.04561691,
          1.8763329,
          3.4895205,
          1
        ]
      }
    ],
    "9912BFE1-CFC6-414D-B8C4-F5EC409832A7" : [
      {
        "date" : 724373115.898835,
        "title" : "Untitled",
        "transform" : [
          0.99999994,
          0,
          -0,
          0,
          -0,
          0.8660255,
          -0.49999988,
          0,
          0,
          0.49999988,
          0.8660255,
          0,
          0,
          0.18743865,
          0.3246533,
          1
        ]
      }
    ],
    "AF09ED6F-1707-48FD-8720-65B998362C09" : [
      {
        "date" : 724373237.149714,
        "title" : "Untitled",
        "transform" : [
          0.51036817,
          -1.2368218e-10,
          -0.8599559,
          0,
          -0.4599618,
          0.8449364,
          -0.27297896,
          0,
          0.72660804,
          0.5348667,
          0.43122867,
          0,
          1.371362,
          2.2298603,
          0.81387836,
          1
        ]
      },
      {
        "date" : 724373071.207393,
        "title" : "Untitled",
        "transform" : [
          0.99999994,
          0,
          0,
          0,
          0,
          0.8660249,
          -0.5000007,
          0,
          0,
          0.5000007,
          0.8660249,
          0,
          0,
          2.1641264,
          1.6310377,
          1
        ]
      },
      {
        "date" : 724372964.687899,
        "title" : "Untitled",
        "transform" : [
          0.99999994,
          0,
          -0,
          0,
          -0,
          0.8660249,
          -0.5000007,
          0,
          0,
          0.5000007,
          0.8660249,
          0,
          0,
          3.3070917,
          3.6107128,
          1
        ]
      }
    ]
  },
  "selectedSceneRelativePath" : "Detail.usda"
}